doy	Hver_tempC	st9_tempC	st6_tempC	st14_tempC	Intensity	light	st7_tempC	oh2_tempC
1	38.568243943842	40.8428503810726	39.7756778186551	42.1662556677953	0	6.27810488712569	41.6062104661451	41.983627166123
2	38.9148742408122	40.8664208420197	39.9452774151515	42.163325624319	0	6.64419620902083	41.5751327645992	41.9264011520269
3	38.926497474376	40.8753515170006	40.0289436101241	42.16177458968	1.79479166666667	7.05539104507569	41.649834757044	42.2383789495238
4	39.0830650832141	40.8977883783275	40.0518141474984	42.16177458968	17.9395833333333	7.51345086592778	41.9052255264074	42.2548115107083
5	39.0768795224972	40.9014341421697	40.2030705757112	42.1638426612251	27.3604166666667	8.02049803950695	41.762414364542	42.3099025338116
6	39.1528538671001	40.9603006626754	40.3668444224507	42.1757380108873	0	8.57885576383681	41.9762712247648	42.3028061011509
7	38.8215369913778	40.9376567780898	40.159887738653	42.1783248446711	0	9.19040006477708	41.8634339189131	42.1883302550194
8	39.8932898462078	41.164790439707	40.4448624689349	42.1753931236901	0	9.85746284882222	41.7340920586397	42.2540871001233
9	39.5288168086909	41.0039913766678	40.3958732708405	42.1783248446711	0	10.5823396059549	41.7729110226549	42.2836301742192
10	39.7555728678526	40.9901353454744	40.2225212563866	42.2573150856636	0	11.3673733389903	41.7875208506725	42.257945033155
11	38.9167284888049	40.904383662298	39.9172584819559	42.2469757323739	0	12.2150674233333	41.804495428823	42.2503404344607
12	38.7559701634581	40.884598186944	39.8641112548672	42.2171654654993	2.35520833333333	13.1273570984757	41.8101216420321	42.2368752325337
13	40.4988461961109	41.2313327124906	40.2023451680998	42.2050740533654	0.897916666666667	14.1068043695396	41.8967877353953	42.2041722732614
14	41.0841366029026	41.5793487826126	39.7633603432743	42.1950607004445	268.427083334365	15.1557498903576	41.7503879835542	42.0591117552112
15	39.8984962307241	41.1405586270944	39.4347593998886	42.2881387986778	487.290624999896	16.2766301417417	41.6524119855083	41.9930861067354
16	39.982569045819	41.2469710468982	39.7120147830171	42.4203987499304	149.318611111111	17.4711609018083	41.6762091807222	42.0637854484504
17	39.8640541957519	41.1189231082509	39.2906429978737	42.3279861399997	377.6375	18.7422876590507	41.8380476078864	42.183780591089
18	39.7008232498489	41.0371063300476	39.6007316950477	42.3148025020339	505.342708333333	20.0918528838958	42.0033902329365	42.3009604869402
19	39.1890659454145	40.9459022492276	39.6050397038437	42.290816500284	1461.65416666667	21.5221233373486	41.9840337954338	42.2761093796417
20	39.0508700643309	40.9123092253392	39.7135210551273	42.2497187253726	173.566666666667	23.0350428923271	41.8658173826473	42.2571820456797
21	39.1797214158716	40.8940592002049	39.7844733816243	42.2233866041726	502.765625	24.6329236004771	41.7616738627763	42.2428539016309
22	39.1098973159138	40.8762154024407	39.9908821213133	42.1890204582973	819.40625	26.317490886859	41.829520756914	42.1421188934719
23	39.2231464319713	40.8856065128913	39.8380522476619	42.1679794130192	1223.390625	28.0911658703153	41.8058649726498	42.0069633415656
24	39.1097490310059	40.8776852914482	39.8032707350238	42.16177458968	94.521875	29.9552605765472	41.6362437916451	41.9329835634534
25	38.9609782932236	40.8465043281806	39.7576045826114	42.1626362615021	75.7979166666667	31.9122420717667	41.6252542236149	41.856983409164
26	40.1445708472788	40.9322117734398	39.4095429225171	42.1622915885469	228.959375	33.9633513065236	41.5554124766601	41.9562128934582
27	39.1617175153453	40.8712545576427	39.4787127454419	42.1559927255283	0.3375	36.1104024967278	41.6037461565658	42.0982405021414
28	40.1541960855033	41.559835351748	39.5177507084378	42.161602259542	692.14375	38.3552463263111	41.6564411986837	42.1076668110678
29	40.6870837515152	41.7148705056368	39.0580333177028	42.1609193354408	1405.81979166667	40.6990770324854	41.7016913220685	42.1551472768166
30	39.6599319021181	41.1991713005084	39.04799016951	42.2719834663701	1413.89166666667	43.1439966677792	41.6702012209535	42.1414302239275
31	39.6369086362894	41.1647356807418	39.0966769192292	42.4146749282657	561.073958333333	45.6907984153771	41.626909132815	42.0178527171585
32	39.4527749676128	41.0444180342824	39.1273588575927	42.3058873024474	1774.03541666667	48.3406171187313	41.6068506751038	42.2007765535652
33	39.543218183749	41.2024869780973	39.2703275662964	42.2708671057356	613.54375	51.0955345486708	41.7179197683917	42.0760280463018
34	39.6731347821505	41.1747042125597	39.2701780623553	42.2294559008881	2142.03229166667	53.9560776462271	41.7525895891542	41.9526768505124
35	39.4880828830641	41.0641102938367	39.3163735108014	42.2141579592232	1570.41770833333	56.9233440413403	41.7248931953034	41.9743116572193
36	39.2595772596816	41.0668320223209	39.6831006680726	42.3072625820135	2401.15	59.9985003511292	41.6679210193957	41.9709733804334
37	39.7190374779833	41.2531142144236	40.6989870060003	42.2487381285588	679.025	63.1822544111208	41.6642900446797	41.8999203847708
38	39.9396063335167	41.3099863196711	40.6439764479895	42.2805185160744	550.98125	66.4756868097208	41.6777621162672	42.0803955448494
39	39.5048751703153	41.2296099237212	40.5654549568803	42.3121924728454	2352.14895833333	69.8792795809097	41.972238415702	42.1186020967229
40	39.519337609286	41.1889122328308	40.5954507302722	42.2441898441703	1233.034375	73.3938241973687	41.6444804360696	41.926716732307
41	39.4541079353866	41.2033342680869	40.5500633563801	42.2631728788228	5719.92604166667	77.0196175716542	41.5968178213341	42.1562017001154
42	39.1165204819927	41.1540087760035	40.5112700567685	42.2239051151585	3573.07291666667	80.7574102828653	41.7772455844592	42.0952642312536
43	39.2669875320344	41.2074508255896	40.6244361031996	42.2423685621373	3822.21666666667	84.6072764378	41.6802227269939	41.9320412886216
44	39.0050461456293	41.1689586329464	40.5057199083136	42.2558581036182	3648.98229166667	88.5697765692326	41.6023463224914	41.9934960851325
45	38.950324489027	41.200318623041	40.5399346647799	42.2625251393	2387.13333333333	92.6448412397799	41.6242666290557	41.9250268550306
46	39.1272557898705	41.2793448195595	40.5553303866959	42.3261817473588	3539.10104166667	96.8327753718799	41.5621114916852	41.8637123689917
47	39.2972097012374	41.2422373824976	40.6487517491701	42.2783828260524	2935.98229166667	101.133413945143	41.5588632617189	41.9210496329645
48	39.1717352386028	41.2084781880995	40.6272983949784	42.2204486157794	1181.56666666667	105.54677241809	41.562575123066	42.0535596205508
49	39.3098336918056	41.2384207025545	40.623695410151	42.2242507962241	1016.29479166667	110.072609466863	41.6108928371726	42.0341727871254
50	38.8876749082172	41.1896828182351	40.4847585515571	42.1885028037217	804.489583333333	114.710646220097	41.6110327184307	41.9871035476025
51	38.9303988235335	41.1456884036309	40.4181151700055	42.1641873595407	5845.83958333333	119.460558524406	41.6650270968975	41.9070020877518
52	38.9171023505306	41.1517254305645	40.4392013217107	42.16177458968	4728.85520833333	124.321794360883	41.6496930576071	41.9416917447472
53	38.7725111253814	41.1237013722853	40.4267159922814	42.16177458968	8406.09375	129.293951230287	41.6721636722686	42.089801141361
54	38.996004831064	41.1229499515963	40.5617211548514	42.16177458968	2877.45104166667	134.376539506503	41.7455130436317	42.1457969612215
55	39.0365651158428	41.1282104731577	40.6334391640279	42.16177458968	4844.56875	139.568537393294	41.6610040126735	42.0382032303436
56	38.9218435402928	41.0995194120609	40.6078214460089	42.16177458968	6807.646875	144.869245564342	41.5638218618293	42.100218022308
57	40.1274891704443	41.2838238630149	40.6161241138693	42.231693914121	6008.75625	150.277701584953	41.5871111604717	41.9785868818142
58	39.9626529750845	41.2448438174664	40.5617743212584	42.2771586322179	6615.0125	155.793299786764	41.5628743954745	42.1327169913817
59	39.5130440260904	41.1795502485771	40.4945829576023	42.2140555835728	6033.64479166667	161.414552704449	41.6553321917248	42.11661170358
60	39.1928160361594	41.1294130670628	40.4979922988332	42.1878126173811	2899.99166666667	167.140425395588	41.6254984078253	42.1464698284615
61	39.194494158436	41.1306157312979	40.6628469118273	42.179014720607	1947.94166666667	172.970025109081	41.6277661912083	42.1311968879853
62	39.7560978021896	41.249309267187	40.5469108784892	42.2197909848419	1899.5	178.901458205991	41.6290821788079	41.9918087347115
63	39.8491203109058	41.3436957619401	40.1074097280952	42.3188644378546	8774.534375	184.933781666612	41.6240395665855	42.0144330386362
64	39.2609013551954	41.2086031822859	40.1439690614577	42.2543002537713	8862.88854166667	191.065797601915	41.6782298906168	42.1259586298725
65	39.1081522934763	41.162160652811	40.1491137550746	42.2066282754741	4718.203125	197.295124428142	41.6517158687852	42.2148889997332
66	39.1905934692806	41.2009067839347	40.2093856292951	42.2332404910407	2688.52083333333	203.620631625401	41.6496541294725	41.9531871542346
67	39.2732140460742	41.1892076712576	40.1107368538887	42.2052467390581	45.071875	210.041154248084	41.6242728498779	41.9659045163322
68	39.1396607971991	41.1624861258549	40.0800108260697	42.1948880980953	4426.11770833333	216.554222577581	41.6670498393715	42.0157529875859
69	39.3735778593178	41.1700373284517	40.5058436211644	42.1948880980953	745.4	223.157825993545	41.7490893484453	41.9011543486267
70	39.1364226947397	41.1550608419897	40.1836618887826	42.1891930126454	2858.50416666667	229.850454619953	41.6793588291963	41.8331647438412
71	39.257175575589	41.1798303307496	39.8961700490722	42.2171654654993	6549.97916666667	236.630894687867	41.653905522593	41.9116565411126
72	38.8432405801014	41.1524855041076	40.0351983195715	42.2023112744517	9676.690625	243.496034582003	41.7142419630346	NA
73	39.2639483593188	41.3072307348327	40.2484053013465	42.2596538400681	9487.86875	250.443806165189	41.8719936254302	42.2967719096304
74	38.9894810863375	41.189672157766	40.1083685306494	42.2499430513027	6661.09479166667	257.472408484174	41.7430494105658	42.2922726830013
75	38.8852207844339	41.1587100425791	40.2777765828203	42.2043833247252	14982.5364583333	264.579786577064	41.6444103828385	41.9736948820481
76	38.8370616429288	41.1438496814322	40.3352692725123	42.1878126173811	12588.003125	271.763698065417	41.5965304849737	41.9406022348279
77	38.8641983305994	41.142380341421	40.4801629081605	42.1910912036385	8594.128125	279.021326285037	41.6324596388064	41.9563140223599
78	39.1161496462635	41.195173693102	40.6368422812641	42.1843620243851	3770.75520833333	286.350582259789	41.6251780138085	41.9084398411967
79	39.5850182262589	41.2742581232725	40.6306471363996	42.184534540629	12692.9510416667	293.74921853071	41.6809759377834	41.8922692253627
80	39.1476765457184	41.2072557239572	40.4095649116363	42.2050740533654	11118.6145833333	301.214302557653	41.6923585037694	41.9293630603167
81	39.3236928076975	41.2174705581935	40.436383084193	42.2207942402513	14456.66875	308.743310822886	41.6911336865062	42.0518626778788
82	39.2788747163741	41.2279910302403	40.2074525943182	42.215095359361	4431.83541666667	316.334068077899	41.6405593745473	41.783228036203
83	40.0906914821653	41.5007214494177	40.2515987919318	42.3290669194191	4761.03541666667	323.984304031984	41.6335051912242	41.8035808807459
84	39.683718401192	41.3771774868027	40.1877787226803	42.3251847336364	7401.571875	331.690600060765	41.7003161077023	41.9123011387019
85	39.563801559646	41.4282274953309	40.2793202546478	42.332914427412	2251.0125	339.450252776369	41.7175276507657	41.8273580075905
86	39.3964591446979	41.4645268969375	40.2415256038564	42.3602161017111	2151.10625	347.260518357608	41.7083111031125	41.8720125110052
87	39.3966068252697	41.4513928075622	40.1266407436362	42.3595299496222	8801.78020833333	355.119050538653	41.6101856741461	41.8583689764217
88	39.0320585059784	41.3691245768244	40.2155110365948	42.2988548522239	5440.51041666667	363.02283524944	41.5745230101725	41.827899817669
89	38.7317271607114	41.3159613348377	40.3043558987407	42.286079382406	12851.159375	370.969039420892	41.6451373912712	42.0344233784835
90	38.6460813118929	41.2993810952348	40.2495918944208	42.293953759524	7475.565625	378.954677707162	41.6192827130374	42.0976041716436
91	38.6216541990861	41.2530806068393	40.1931898730619	42.2595031517217	6467.575	386.97673580013	41.5870242232276	41.888260415166
92	38.6545613844022	41.2347573543443	40.1969721636702	42.2595031517217	7710.35833333333	395.0328074335	41.6009419222993	41.8357929906781
93	38.8937939206527	41.237657451334	40.545836550455	42.2589789570158	22590.0760416667	403.119312808299	41.6039341548194	41.7993992550448
94	38.6593354085673	41.2236613819619	40.4681991242201	42.2242507962241	17518.0072916667	411.233253393293	41.6211548460748	41.8321986751232
95	38.6533476101159	41.2133230298269	40.5525904154299	42.2190661744764	6226.8375	419.371606514969	41.5664411872559	41.7821906208878
96	38.5498757079171	41.2312777763484	40.4912683800143	42.2719128901012	12176.615625	427.532106659631	41.6343998647726	41.9254276165401
97	38.4725286386515	41.2510718893185	40.5155250219475	42.293603724934	15993.3375	435.711293357004	41.6715058641137	42.0592451387846
98	38.5307240207168	41.2960207200833	40.4472472024135	42.3168936505896	5113.55416666667	443.905706836585	41.6133657656632	42.0297022945146
99	38.9558188957336	41.3342540890578	40.5131381239406	42.3084853063368	9836.35625	452.112244558398	41.6878824187313	42.1583872843125
100	38.8230711743556	41.3029303676333	40.4424369078624	42.2584884379685	15747.5583333333	460.327911013277	41.6302846846198	42.0241484096529
101	38.8257028375797	41.2632616257389	40.4710806084142	42.2244236388794	23717.484375	468.550033522639	41.6423353574493	41.9815862272278
102	38.775065758733	41.2466656164039	40.5425194792236	42.218029402909	15510.759375	476.775428578621	41.6153508491747	41.8578955769975
103	38.6983941177667	41.23951220089	40.450942332573	42.2097370631266	14761.0875	485.000401260576	41.6586796410919	42.0026712500729
104	38.507804103236	41.1830348028256	40.4012761404698	42.1893655684051	22649.3916666667	493.221779722504	41.6821564905226	42.0684299970647
105	38.4286013098776	41.1363308660309	40.3596317442673	42.1753931236901	22661.9510416667	501.43708700162	41.6618359888403	41.9517921430536
106	38.4740207442305	41.1395285714636	40.4952777335938	42.1778074525286	24823.8197916667	509.642585372375	41.6271004512981	41.863430772505
107	38.6426777247951	41.1494772973726	40.5311794325554	42.1916089217359	21031.8802083333	517.835430844478	41.6586344649081	41.8320635861933
108	38.5376763729873	41.1610930156895	40.4524111727651	42.205419426164	28974.4489583333	526.011958393078	41.6868278937013	41.8231292304592
109	38.5794432309777	41.16881257979	40.4823870457346	42.2171654654993	34848.3177083333	534.169621232099	41.7019535752967	41.8667787111094
110	38.5601326965561	41.1594353982893	40.4826930308738	42.218893375679	23281.434375	542.304601329212	41.6612610804136	41.9210732952828
111	38.3672435545568	41.1371283469836	40.3887556436798	42.2057648046152	48676.5322916667	550.414209984579	41.6769482139286	41.9067088738316
112	38.3918962290381	41.1193662804288	40.4128368053949	42.1960963441945	45826.7677083333	558.494896160604	41.661345212363	42.0045558611932
113	38.3368102581677	41.1004595175795	40.4103623136167	42.1917814972585	26608.8447916667	566.543608258864	41.6642105754852	41.8448820749361
114	38.4276972757936	41.0847350878649	40.3999223574067	42.1860872503231	25753.3354166667	574.557090538015	41.6894221834181	41.9455117924848
115	38.4641813603521	41.0772439192012	40.4005201205602	42.1802220577993	22503.4010416667	582.532010994061	41.678073964617	41.8768399079226
116	38.2694442627232	41.0515644309559	40.366598692705	42.1623187153807	17321.7958333333	590.465591283111	41.6447435270251	41.8300813341855
117	38.4811799430281	41.0784511079237	40.4529164784506	42.1785228623065	17944.5291666667	598.354107574985	41.635700711082	41.8488244200026
118	38.2676761578486	41.0669667557386	40.3565146528554	42.1544342548302	22743.3520833333	606.194553908683	41.671663299796	41.8400541857921
119	38.5933709358903	41.1167271185834	40.4630134865328	42.2026853795886	7322.521875	613.983867545605	41.6471114947729	41.7762382316075
120	38.3980984284519	41.168383554636	40.4847055868554	42.2586695760291	25687.8520833333	621.718605591833	41.6841294263273	41.8809047874736
121	38.4142902223519	41.1178410190659	40.4609913304771	42.2149193937039	8366.40104166667	629.395520496487	41.6429657821836	41.7640880267523
122	38.2846277668989	41.1271673710079	40.4685401764497	42.2235594397529	38533.9666666667	637.011703102758	41.595101628517	41.6914426145323
123	38.2334544614869	41.0902586391419	40.4144670864144	42.2178566125983	17695.8416666667	644.563784299557	41.6138865013951	41.6104576570007
124	38.2395911315352	41.0789085555627	40.381511713954	42.226325001485	54901.1260416667	652.048315666559	41.651434002736	41.6114212824654
125	38.13264225892	41.0356173961289	40.3678273713515	42.191436347625	34883.0802083333	659.462383854936	41.641714291006	41.568952265544
126	38.3264053677264	41.05111969367	40.3869693080546	42.1859147213792	60229.1708333333	666.802725906349	41.6316848436606	41.6085802700097
127	38.2915995101087	41.0671075455355	40.387549117707	42.1905734982464	52371.48125	674.066026784219	41.5986071613245	41.5167799005237
128	38.2414997277309	41.0567961118777	40.3752595460053	42.1685316797232	43398.0427083333	681.249202676821	41.5455438527943	41.3933680788687
129	38.3412065674263	41.0908785212495	40.4074308435107	42.180241222439	43773.4364583333	688.348851431339	41.5587531873	41.3643889446276
130	38.169737102635	41.0730791326907	40.3621234243631	42.1642352347525	42304.821875	695.361865277626	41.5850325273342	41.3909273792088
131	38.1987490393902	41.0615660007898	40.3592106456282	42.1542667699545	25230.1604166667	702.285062697919	41.6011019320486	41.3667451048703
132	38.155539726555	41.0321925024615	40.332190987175	42.1424425121655	26800.24375	709.115020410431	41.6095997571346	41.3866111060418
133	38.238476777973	41.0059866681397	40.3142738331249	42.1614331220726	14461.2729166667	715.848949312542	41.6228016537685	41.4322304005695
134	38.5448499481296	41.0339910293524	40.3757043928499	42.1919540741929	31746.3947916667	722.483155027546	41.6408317547697	41.4237601927883
135	39.1641226784281	41.2500454567256	40.4864358387943	42.3350556304478	38178.7572916667	729.014738188821	41.6432942331505	41.4561915785949
136	38.9304491598559	41.2671562809067	40.3816229591912	42.3239610439025	54131.3885416667	735.440216246777	41.6980341699064	41.5154632679802
137	38.3535643808831	41.1909773447838	40.2947576533956	42.2707644548445	63541.3302083333	741.756586108729	41.6946429413225	41.6381937081203
138	38.1427763389665	41.0980790112304	40.2532742683443	42.1988583094193	59909.0614583333	747.960311636989	41.6210817612129	41.5401481570107
139	38.1687235880576	41.048151999718	40.2209122326232	42.1657960262029	31924.7854166667	754.04857175356	41.7101928158672	41.686472237544
140	38.2348585299861	41.0424779713236	40.1710904736776	42.1582325310716	38040.509375	760.018055375158	41.6612969143006	41.6724941428703
141	38.0706314108816	40.9931670604826	40.1155378987801	42.1411273439859	66451.5260416667	765.864914040194	41.663428365424	41.5838823050482
142	38.0112470736973	40.9376658041619	40.1515158351922	42.1127365496414	48140.1260416667	771.58699393861	41.6357536179312	41.5747945271599
143	38.1447484233546	40.9001232140247	40.1834995520571	42.1065479719243	18494.2802083333	777.180274164716	41.7901465005339	41.6647653079051
144	38.1745804837646	40.8817820399721	40.2356189664089	42.1080790298815	15194.559375	782.641432957391	41.7579216600198	41.64463611081
145	38.6578248704804	40.9361765561141	40.2024612315584	42.1306455988148	6129.521875	787.967846149217	41.5995562573757	41.4970886398331
146	38.7170616233823	41.0189396529152	40.1361012148608	42.1287608085274	3862.68958333333	793.15587272559	41.6583758717516	41.4708060581073
147	38.624557253356	41.0152321406923	39.996630957785	42.0660694724143	11790.2385416667	798.202321124235	41.5594493010116	41.4770330724537
148	38.1662887575386	40.9690645016949	39.9267864607967	41.9451769775548	64740.9552083333	803.104353614488	41.5377118006813	41.3537327464711
149	37.9655260213965	40.8601644975883	39.9420349632451	41.7612558744038	69529.1229166667	807.858332959954	41.5307481544066	41.4459398154722
150	38.1286499026013	40.8130980600004	39.95688237246	41.7260606088544	36307.9614583333	812.461111233279	41.6150197296727	41.4270782281778
151	37.9372779602745	40.7443509138735	39.8398302472375	41.6477093674706	65684.8260416667	816.909543797165	41.6562059970102	41.5505411173653
152	37.9264121952819	40.679711626693	39.8358926475416	41.5547319986011	71513.2833333333	821.200586951483	41.5031086287849	41.3906028971234
153	NA	40.7256623061218	39.818026525905	41.6440585635587	12459.284375	825.331301537912	41.5666303993408	41.3612391132919
153	37.8339331919884	40.6270124439706	39.8073213707798	41.4686541352799	72088.5885416667	825.331301537842	41.5666303993408	41.3612391132919
154	NA	40.7934246748482	39.8380636445896	41.8209248895713	13482.0822916667	829.298231685022	41.6546904900775	41.4251988671477
154	37.746391379225	40.5909674674603	39.8500169122499	41.4128901881068	70998.296875	829.298231685161	41.6546904900775	41.4251988671477
155	37.8642087473897	40.549632370739	39.9682302277911	41.3371359880823	68580.7791666667	833.098228978117	41.6050808252772	41.3947938759304
155	NA	40.8247325720613	39.876862356787	41.825570919121	11625.971875	833.09822897811	41.6050808252772	41.3947938759304
156	NA	40.76427978124	40.040821745934	41.67946018723	25597.375	836.728685027233	41.5224310747739	41.3670845737498
156	37.8881764895966	40.5422361958056	39.9460050340957	41.3331238317769	58446.6208333333	836.72868502724	41.5224310747739	41.3670845737498
157	NA	40.8369260867111	40.2566081831506	41.8964741810883	49792.5125	840.186263924197	41.7101709527188	41.549944481604
157	38.0896630318154	40.5721015843786	39.9146841330946	41.4379156085584	39694.346875	840.186263924197	41.7101709527188	41.549944481604
158	NA	40.8735728678748	39.8370322490333	41.9910996447028	26457.928125	843.468238679429	41.6970634075002	41.4603773349312
158	38.2608629233754	40.6691558077161	39.9891250645362	41.6316226123699	32207.1104166667	843.468238679505	41.6970634075002	41.4603773349312
159	38.3352469878463	40.7151228065447	40.1203805497094	41.7090637678101	19472.5614583333	846.571334816424	41.6081202739101	41.4318682891312
159	NA	40.8551551076116	40.1991768945312	41.8715136228355	49672.0916666667	846.571334816355	41.6081202739101	41.4318682891312
160	NA	40.8798873229771	40.2750914582902	41.9125897003826	34657.0375	849.493112726197	41.694243458872	41.5172378792128
160	38.1258887617662	40.6902298263964	39.9970272921212	41.5585485436853	52341.55	849.493112726273	41.694243458872	41.5172378792128
161	NA	40.9032512605774	40.3487912536854	41.9076247867866	31524.39375	852.230778238477	41.6148875942034	41.4802299107912
161	37.9447971016438	40.6135328670204	39.9791655862352	41.3713952384684	62557.5552083333	852.230778238481	41.6148875942034	41.4802299107912
162	NA	40.8222597393604	40.3081649750798	41.7367610349372	16954.46875	854.781680210442	41.5573408770418	41.4430874359723
162	37.902113661666	40.5722463895679	39.9544232778586	41.3224116946324	39049.9625	854.781680210293	41.5573408770418	41.4430874359723
163	37.8507816878837	40.539092310737	39.8756690922564	41.2023193529118	48186.434375	857.143179966486	41.4259028373978	41.1953595403233
163	NA	40.7370742153117	40.0658671790833	41.4771396258422	45517.3145833333	857.143179966552	41.4259028373978	41.1953595403233
164	NA	40.6627949643402	40.1439922067326	41.4678746200819	14822.98125	859.312978563856	41.5158933690411	41.3018324473373
164	38.0487453484232	40.5666883850819	40.0055877327732	41.2434512347751	58661.7875	859.312978563925	41.5158933690411	41.3018324473373
165	NA	40.6438607869103	40.0420882420545	41.4245904220277	29052.2635416667	861.288616694364	41.4399795601785	41.2373887935783
165	38.0695216791035	40.5789440201266	39.8750810503597	41.2726586576964	38382.7072916667	861.288616694294	41.4399795601785	41.2373887935783
166	NA	40.6278377124974	40.0580702452233	41.3407699928865	62933.3989583333	863.068190681375	41.3911442161106	41.1741472350743
166	38.0250582020992	40.5816594662553	39.8799914469484	41.2642321637262	42957.621875	863.068190681451	41.3911442161106	41.1741472350743
167	38.074139265236	40.5967969378191	39.9421781699736	41.3323448030429	44083.1229166667	864.649386989561	41.4373853958415	41.2398465315687
167	NA	40.5969300840767	40.0431130111892	41.3306902311668	33230.36875	864.649386990179	41.4373853958415	41.2398465315687
168	37.9071189527836	40.5830772006484	39.8794660909419	41.3115442532038	40361.828125	866.030613715465	41.4635962981925	41.2501371003671
168	NA	40.5753806408841	40.0302956586276	41.3590893332046	19454.1791666667	866.030613715541	41.4635962981925	41.2501371003671
169	NA	40.5781044783259	39.9921397175313	41.3450721059097	32166.4135416667	867.210209831222	41.4004734298015	41.1872158282341
169	38.1248410421991	40.6198086958064	39.8356134551199	41.4297789530004	32900.04375	867.210209831222	41.4004734298015	41.1872158282341
170	NA	40.539517171448	39.8862853743044	41.1413653880986	57757.615625	868.18688449811	41.2841237243562	40.9659218626026
170	37.9106896254582	40.5866744624226	39.7761038706239	41.2604817074033	65355.6270833333	868.186884498047	41.2841237243562	40.9659218626026
171	NA	40.5147882950248	39.9585219370357	41.1497144113951	33531.0760416667	868.959104858105	41.3866157186071	41.0665247122792
171	38.0995553738127	40.5913520041285	39.8470293481676	41.3465007159101	17684.625	868.959104858035	41.3866157186071	41.0665247122792
172	37.9892970788347	40.6190755765965	39.8821386979983	41.4131365055336	32208.45625	869.526341652306	41.3386929022528	40.9999787422504
172	NA	40.5444833913517	39.9129394854333	41.1635523142547	48394.9822916667	869.52634165216	41.3386929022528	40.9999787422504
173	NA	40.5441941782207	39.9499701637159	41.2482951403992	31871.2979166667	869.887696920337	41.4099761673957	41.0530847791951
173	37.8266248895627	40.5510552485499	39.8323830845773	41.2023056381843	45601.51875	869.887696920268	41.4099761673957	41.0530847791951
174	NA	40.5437397087796	40.0230129360678	41.265539023219	28008.609375	870.042548725781	41.4264805113427	41.1010660600932
174	37.8198637886173	40.4649741127774	39.8402291791969	41.0244999120754	49742.615625	870.042548725843	41.4264805113427	41.1010660600932
175	NA	40.5719671233426	40.0196715941817	41.3036378451395	27774.0447916667	869.990793939916	41.4307311464297	41.1162627583263
175	37.7823627433569	40.4152236284015	39.8059843422702	40.8483585071057	66399.7322916667	869.990793939916	41.4307311464297	41.1162627583263
176	37.9189429296692	40.3977570791772	39.8052959498524	40.8144662180478	62983.2927083333	869.732709900872	41.4192029968255	41.1054534118913
176	NA	40.5665554371183	39.9832808037103	41.2746878287449	31951.6958333333	869.732709900942	41.4192029968255	41.1054534118913
177	NA	40.5577207825397	39.9897624104235	41.2591568314079	23721.528125	869.268441821139	41.4141110275808	41.1347359969299
177	38.1003137294777	40.4272558658142	39.8758974627171	40.9609452449617	27009.1291666667	869.268441821069	41.4141110275808	41.1347359969299
178	NA	40.5856556910138	40.034041597665	41.2323414271237	39064.090625	868.598631801273	41.3904906366501	41.1412225692962
178	37.901320622969	40.4442310902834	39.8889760345995	40.9597344108641	60535.4979166667	868.598631801335	41.3904906366501	41.1412225692962
179	NA	40.6668561740042	40.0614352900855	41.296077359689	57544.346875	867.724039549639	41.39632283331	41.1302072428035
179	37.9580710897223	40.4082604063995	39.8550123902135	40.9251564804129	27634.003125	867.724039549632	41.39632283331	41.1302072428035
180	37.8112788126814	40.4143322020586	39.810302983329	40.9466908587801	49854.846875	866.645665565692	41.3343277035673	41.0507793400597
180	NA	40.6701832297436	40.0104383599333	41.2342048558109	71912.334375	866.645665565754	41.3343277035673	41.0507793400597
181	37.790782038727	40.3776594938732	39.7047568330496	40.8605166845861	44770.3385416667	865.365146689058	41.254214129272	40.964245282352
181	NA	40.59851903015	39.8984390731332	41.0915302512131	75225.5052083333	865.365146688981	41.254214129272	40.964245282352
182	NA	40.5436039601435	40.0034386602842	41.0996816530072	20241.6322916667	863.883587786701	41.3663626329788	41.0242249602798
182	37.8094257499062	40.382158701417	39.824403409886	40.9134451337916	48337.4729166667	863.883587786701	41.3663626329788	41.0242249602798
183	NA	40.5448670477905	39.9728365775897	41.1090422430567	13105.2333333333	862.203074844527	41.3066211553366	41.0232626579698
183	38.0499266466148	40.4324969093454	39.946933216419	41.0930808453679	8578.875	862.20307484452	41.3066211553366	41.0232626579698
184	NA	40.561552795482	40.0704441767265	41.2047515756406	8067.478125	860.325228046674	41.3955260386857	41.0952242834807
184	38.0283590485698	40.4704792852311	39.854470582628	41.1037820737432	26517.1354166667	860.325228046611	41.3955260386857	41.0952242834807
185	37.8932567239549	40.447546782412	39.8334427251053	41.0538714711752	28248.2229166667	858.252224234852	41.3810829169642	41.1611279943271
185	NA	40.6069333444645	40.0528221343005	41.287974882611	9141.28854166667	858.252224234713	41.3810829169642	41.1611279943271
186	NA	40.548622837499	39.84243484722	41.0413167431309	57177.5979166667	855.986329761999	41.1581747860448	40.9932982940937
186	38.0248453476741	40.4470034298072	39.8571854718137	40.9879455497131	33282.05	855.986329762076	41.1581747860448	40.9932982940937
187	NA	40.439794375882	39.8245229959684	40.8745941474798	37089.5770833333	853.529728702194	41.2181796861202	40.875648473502
187	37.9670321100716	40.4273967047594	39.8566321975822	41.0003605047975	24749.1458333333	853.529728702117	41.2181796861202	40.875648473502
188	NA	40.4341728040173	39.7866444613539	40.9381396785374	44110.5958333333	850.885284509033	41.2191786066849	40.7948288608111
188	37.9472270196606	40.4171180399568	39.8472687928972	40.9801655236486	21412.653125	850.885284509036	41.2191786066849	40.7948288608111
189	37.7718454989488	40.4047591790026	39.7958258599985	40.9608383151882	22734.3791666667	848.0551071032	41.286998637066	40.8236614232362
189	NA	40.3912597079583	39.7966447167887	40.9099699935445	24015.9604166667	848.055107103266	41.286998637066	40.8236614232362
190	NA	40.4223271208726	39.7959509609384	40.9942003593535	36741.8791666667	845.042214333355	41.2716709043071	40.8402555771315
190	37.8286556180513	40.3808867027671	39.8432214235717	40.8483674938432	41750.9270833333	845.042214333348	41.2716709043071	40.8402555771315
191	NA	40.403046158208	39.8518872185172	41.0109500809473	19937.99375	841.849365817692	41.3175258487051	40.8382449435975
191	37.8251401938149	40.3595805686164	39.8331749611541	40.7579294111643	48040.2270833333	841.849365817685	41.3175258487051	40.8382449435975
192	NA	40.4209191287614	39.8160000154891	41.0469405415855	28500.3875	838.47922033099	41.296698874709	40.9304191491863
192	38.0578402466735	40.3998725446091	39.8193700566296	40.9304161420415	67568.4	838.47922033099	41.296698874709	40.9304191491863
193	37.7927101995047	40.350901593811	39.745303968521	40.8356267746001	50593.303125	834.935037548739	41.418057310078	41.0594911444715
193	NA	40.4482722543229	39.9735135652948	41.2160325521708	7809.365625	834.935037548815	41.418057310078	41.0594911444715
194	37.9743740622041	40.5228510186466	40.0635790723408	41.2744630350864	3706.16458333333	831.21930523874	41.3810829169642	41.1112374119496
194	37.9337332776913	40.373317845774	39.7083175393666	40.8782417770151	43232.6583333333	831.219305238598	41.3810829169642	41.1112374119496
195	37.9030550352283	40.3590132586661	39.6709760724181	40.8529302715176	48010.7385416667	827.335506723601	41.2090345704367	41.0045648898829
195	37.8300981971108	40.5033017683904	39.8919641783073	41.065256161134	33109.2645833333	827.335506723601	41.2090345704367	41.0045648898829
196	37.6485440917467	40.4246035822713	39.7679706945951	40.8853079111848	43123.5677083333	823.286444379808	41.1819356355465	40.8276755291197
196	38.2272489266803	40.4167089375973	39.7705715860253	41.006099871283	25993.615625	823.286444379732	41.1819356355465	40.8276755291197
197	37.8660749064994	40.3754248991154	39.8234410527972	40.8471737901689	47051.846875	819.075196540932	41.2195171830978	40.7731912339604
197	38.0974094690491	40.4103930963093	39.7728433852499	40.9460632796261	36827.0989583333	819.075196540863	41.2195171830978	40.7731912339604
198	37.8293094536986	40.3524435677471	39.7536378242544	40.8685481957063	62554.5291666667	814.704911387585	41.1600269547308	40.7663293840519
198	37.8395348377601	40.3625606699117	39.7083175393666	40.7715841091211	66168.865625	814.70491138696	41.1600269547308	40.7663293840519
199	37.7324572872834	40.2653354138155	39.7173778590244	40.59954140665	49389.6447916667	810.178736285468	41.1948248533957	40.6907143384084
199	37.635967550459	40.2842680832714	39.7646377350335	40.8067205140148	35478.4604166667	810.178736285538	41.1948248533957	40.6907143384084
200	37.7755521273029	40.2924797620002	39.8653209465504	40.8700940017594	26691.8135416667	805.499940836692	41.2503280261278	40.759918721958
200	37.7261820612892	40.2690890827008	39.8066500005566	40.7830546183811	13277.6791666667	805.499940836692	41.2503280261278	40.759918721958
201	37.8998081387301	40.3137223845313	39.8119191584582	40.8133193514771	64695.321875	800.671779416449	41.0885900518303	40.7477651836977
201	37.7554305791234	40.3148077897899	39.7806830852787	40.8591499332383	22453.9552083333	800.671779416372	41.0885900518303	40.7477651836977
202	37.9216599766846	40.3076953639749	39.910708846671	40.9279049285451	19791.55625	795.697226099369	41.3086306914151	40.8959447216955
202	37.7938384699277	40.3245951237396	39.7989479321893	40.8718543539583	20839.925	795.697226099369	41.3086306914151	40.8959447216955
203	37.8857850497679	40.3696383460008	39.8769822581284	41.0369536526642	13117.0083333333	790.579421414017	41.2245080175464	40.856888699577
203	37.7100991113342	40.3118784966815	39.8219492065301	40.9343956178971	33960.6302083333	790.579421413948	41.2245080175464	40.856888699577
204	37.9767430396246	40.3006977049955	39.9047445427235	40.8962735053532	46856.7458333333	785.321696002407	41.1524991856886	40.7666635449793
204	38.2931908130158	40.4212007193366	39.9306733507768	41.0018649900551	6905.08020833333	785.321696002476	41.1524991856886	40.7666635449793
205	37.9787238869636	40.3478545321684	40.0253309243678	41.0730261317596	7877.75625	779.927518098689	41.3308098343304	40.9241236525026
205	38.3573847440136	40.4028029181019	39.8179069788349	40.9264224046474	38837.1489583333	779.927518098615	41.3308098343304	40.9241236525026
206	37.8101276851411	40.3471370416712	39.8672155168958	40.9743987519955	48042.8083333333	774.399891937557	41.1145465372388	40.8157716604313
206	38.4411813404146	40.4332365164873	39.7747234953647	40.9693824081976	55305.4520833333	774.399891937494	41.1145465372388	40.8157716604313
207	38.1653682580753	40.4021142421201	39.7897650930515	41.0144713210244	27407.5326315789	768.741874569556	41.2950180716528	40.9116030706624
207	38.0761953557003	40.3327064357903	39.9757053268462	41.0189185083791	4559.88125	768.741874569618	41.2950180716528	40.9116030706624
208	38.0862616910684	NA	39.9296772273259	NA	38656.971875	762.956930211613	41.257100156738	40.990984482079
208	38.3700807342836	40.43627153704	39.4806323098374	41.1363733975678	6141.28541666667	762.956930211608	41.257100156738	40.990984482079
209	38.1366994223726	40.4382442511712	39.3034846301761	41.1858195210428	15521.4072916667	757.048392628751	41.2894255646594	40.9975072658264
209	38.254283305947	40.348071205765	39.9061168037491	40.8445928674474	52039.0395833333	757.048392628743	41.2894255646594	40.9975072658264
210	38.2578369116837	40.4571356860716	39.40761911254	41.2293062761433	5030.35520833333	751.019168075116	41.3954783549859	41.0175985283037
210	38.1633639717984	40.3377404183561	39.900954162064	40.8013431578311	58759.109375	751.019168075179	41.3954783549859	41.0175985283037
211	38.6565277263902	40.473302277628	40.1194096142957	41.2384069637828	20066.1520833333	744.872797592124	41.4004534285893	41.0503860494307
211	38.1575850138241	40.3446194510286	39.9327630815712	40.9788932577949	12875.2677083333	744.872797592048	41.4004534285893	41.0503860494307
212	37.9304527113817	40.3373197764041	39.878877937053	40.7826276236859	17519.3572916667	738.61215534736	41.4367380614414	41.02791596675
212	38.4543709005499	40.4582640912967	40.0379781783673	41.1819386802502	22151.89375	738.612155347298	41.4367380614414	41.02791596675
213	38.4170999197569	40.4872995487977	40.0586694584154	41.2575814552406	7324.43020833333	732.240890428778	41.4900273506257	41.0811489842966
213	37.9471688530938	40.3138522215989	39.8122207831352	41.0732123927789	44594.75	732.240890428778	41.4900273506257	41.0811489842966
214	38.0726155591781	40.4664704306466	39.9866562587312	41.2393427477094	17660.071875	725.762074131393	41.470965068337	41.0626390758292
214	37.8609414814348	40.2626999675985	39.742700709588	40.9749804802274	49416.8895833333	725.762074131393	41.470965068337	41.0626390758292
215	38.0861770559556	40.4433178286023	39.9940578476338	41.2301378844302	16859.6104166667	719.1785543905	41.4673868591416	41.0780345668322
215	37.9241359908751	40.2387813597639	39.7536605216212	41.0817822262272	37916.0489583333	719.178554390569	41.4673868591416	41.0780345668322
216	38.0099060670063	40.267415200504	39.8626448874462	40.9413517829367	49086.2354166667	712.494401527499	41.4488974538732	41.0352667187363
216	38.0810488701053	40.4119103014193	39.9541768118727	41.173775925041	17051.1260416667	712.494401526728	41.4488974538732	41.0352667187363
217	38.1549608128504	40.3832638976382	39.8974902810466	41.1112055522109	14606.584375	705.711852395985	41.4181004260748	40.9836118917028
217	38.0108839290809	40.2873288589025	39.7852690377881	40.8927022123734	36988.778125	705.711852395909	41.4181004260748	40.9836118917028
218	37.7517445292869	40.3292650073256	39.7494506035586	40.9368655079039	45460.9083333333	698.834898806835	41.355599487535	40.8669815188762
218	37.9201252167662	40.2682535797571	39.7571846021998	40.6868935462404	21753.8520833333	698.834898806837	41.355599487535	40.8669815188762
219	37.7220444420923	40.2657574665164	39.7431033700468	40.8636311810676	52095.6572916667	691.866515894619	41.3592075653019	40.8342916229472
219	37.9587035392263	40.2964032002964	39.6553070413199	40.8649127888574	31652.65625	691.866515894626	41.3592075653019	40.8342916229472
220	37.9694894648592	40.2929009266062	39.5973310011213	40.5947939317446	21188.74375	684.809255519124	41.3876212823847	40.8386536417026
220	37.8571344575327	40.264374913063	39.7705147943698	40.9392033031918	52085.9072916667	684.809255519117	41.3876212823847	40.8386536417026
221	37.976156593097	40.3061480582269	39.6179862629158	40.8309616083218	10801.1927083333	677.667970465171	41.3494871519763	40.8295609199946
221	37.7408466819149	40.2610368017013	39.687743325552	40.9541856704147	53949.08125	677.667970465234	41.3494871519763	40.8295609199946
222	37.7788379814137	40.2430955728092	39.7696175077401	40.9308913524415	44983.3729166667	670.444252518999	41.3625444460031	40.7827291465677
222	38.2023185350655	40.2976086596174	39.5928952121708	40.6525134595607	16950.096875	670.444252519006	41.3625444460031	40.7827291465677
223	37.8326432107864	40.2738116360987	39.7862124999082	41.0382310380593	29088.1385416667	663.141806640931	41.3893911317609	40.8430450420952
223	38.2064049528173	40.309493654593	39.7307607156488	40.8833918623178	5017.46666666667	663.14180664107	41.3893911317609	40.8430450420952
224	37.8005197240178	40.2862114252234	39.8255879132324	41.0775271553537	22124.4270833333	655.764588971124	41.3870370039551	40.8741322408379
224	39.64113847543	40.3977189911098	39.9724464594963	40.7451645638458	5771.83645833333	655.764588971187	41.3870370039551	40.8741322408379
225	39.3916294856816	40.5174848459935	39.8119305404385	40.8990375948791	2182.16875	648.314658219629	41.3679156049615	40.8683637858227
225	37.941470686647	40.2938744480425	39.8073156811065	41.0468634099686	40953.503125	648.314658219706	41.3679156049615	40.8683637858227
226	38.4253061648781	40.3717742761327	39.9735709381882	41.2026241269908	37309.0072916667	640.795727917574	41.4627783933462	41.002611992111
226	38.815724701447	40.5628376786687	39.734241055518	40.6281903509248	19846.721875	640.795727917567	41.4627783933462	41.002611992111
227	38.4919722821166	40.4786538111293	40.0080761185031	41.3172454226746	28346.8875	633.211658620734	41.4439970710847	41.0489611906894
227	38.5757561644221	40.5319580466123	39.7280460204053	40.9474132758682	14472.48125	633.211658620658	41.4439970710847	41.0489611906894
228	38.4394861962268	40.478515556404	39.934154448291	41.3123025819538	22206.7260416667	625.564593781869	41.4282459827717	41.0389929721108
228	38.4276535332878	40.4618333810777	39.665625519603	40.8678660391469	16128.334375	625.564593781938	41.4282459827717	41.0389929721108
229	38.3179157658178	40.4018241260754	39.6215652426024	41.0282317651814	38894.3385416667	617.857813744978	41.4059498596776	41.0576374204599
229	38.2351708508313	40.4481180526498	39.8151803620032	41.2750410808697	30137.0697916667	617.857813744972	41.4059498596776	41.0576374204599
230	37.9296210359187	40.4141621317628	39.852982113406	41.294235886696	23375.1760416667	610.09592455908	41.433951671792	40.9718173433926
230	38.2366642874184	40.3453076294541	39.6414276437808	40.7283021283935	35379.903125	610.095924559087	41.433951671792	40.9718173433926
231	37.8846847796171	40.3863455920155	39.5824232637379	41.2355037087451	24853.5364583333	602.280765877966	41.3807678115853	40.9444620621858
231	38.1893261567498	40.3152527644822	39.6621120029884	40.9411622021237	45955.2697916667	602.280765877973	41.3807678115853	40.9444620621858
232	37.95516519695	40.3856647972029	39.6773059391679	41.2232876529929	30181.8083333333	594.415560584515	41.3786390550115	41.0263189167947
232	38.1720795080633	40.3363587593068	39.7203743367677	40.8418082274648	19682.1239583333	594.415560584522	41.3786390550115	41.0263189167947
233	38.1184111581479	40.3458745541584	39.6941520902634	40.9259352701377	15117.3083333333	586.503994490174	41.4465488878696	41.0559790466651
233	38.0573019967609	40.3970173045644	39.7743429149207	41.2530164470577	14644.590625	586.503994490167	41.4465488878696	41.0559790466651
234	38.2777848216531	40.4385422299335	39.9232322503806	41.3424667964441	6427.09166666667	578.549742393733	41.438115983244	41.0866655101294
234	37.9919931224112	40.3178834221124	39.6684333911005	40.8408230219544	18359.725	578.54974239374	41.438115983244	41.0866655101294
235	37.9169102393817	40.3014077129818	39.6498986215704	40.8057788512323	18242.1104166667	570.555137201355	41.3814533639027	41.09045111887
235	38.2425249876987	40.4758477193205	39.9895442176526	41.310318730239	19353.9364583333	570.555137201417	41.3814533639027	41.09045111887
236	38.1236185580419	40.4393716028114	39.9084098338105	41.2616538427988	29356.0083333333	562.523413125169	41.3885131077081	41.0778119101239
236	37.9814987153468	40.3291890893477	39.6581078049952	40.7853480016004	11178.93125	562.523413125169	41.3885131077081	41.0778119101239
237	38.2548547284977	40.4474337051265	39.957753732685	41.3022657896289	45990.2489583333	554.457945678216	41.421622390332	41.1223002605389
237	38.112335482864	40.3645101106511	39.6918270476107	40.8771243213332	11106.8375	554.457945678348	41.421622390332	41.1223002605389
238	38.1589390754146	40.4523715126787	39.982569045819	41.3592858752449	35376.9854166667	546.36287125519	41.4566127388265	41.1296347649821
238	38.3767266893812	40.4727361772725	39.7500406192059	40.8276665510057	9934.46145833333	546.362871255253	41.4566127388265	41.1296347649821
239	38.1776208139301	40.5182010395247	39.6968168901633	40.8794342971084	28426.384375	538.240342473416	41.461383400179	41.1209113869575
239	38.22629269254	40.4710159175318	40.0096279245056	41.3951937935487	29288.734375	538.240342473492	41.461383400179	41.1209113869575
240	38.1053584750313	40.4775066196635	40.0154856399594	41.3720297777892	7505.059375	530.093580958144	41.4264004062109	41.1213272801469
240	38.1810541957063	40.5325140071517	39.6360399314587	40.8709396716241	17931.5229166667	530.09358095813	41.4264004062109	41.1213272801469
241	37.8961479880629	40.4687680378236	39.9433983329477	41.2592561559544	16544.4270833333	521.925803761172	41.3515192799464	41.0150373449863
241	38.3979237284612	40.5624152828005	39.8070482682957	40.926154779932	39901.7729166667	521.925803761304	41.3515192799464	41.0150373449863
242	38.1956306976132	40.4233127737154	39.9428369341514	41.1897863773647	6904.51875	513.740406806813	41.3364825792617	41.0180561318959
242	38.4488737083784	40.63715357044	39.8836750381167	41.0214726239916	35106.8802083333	513.740406806667	41.3364825792617	41.0180561318959
243	38.1410382005493	40.5997973787249	39.7640756725483	41.0287183158949	16611.3729166667	505.541268513488	41.2986829494666	41.0662174069336
243	39.0681912400642	40.4372578700461	39.8661483722935	41.1323105139224	7828.87395833333	505.54126851355	41.2986829494666	41.0662174069336
244	38.8275364179405	40.4579819840893	40.0601790941966	41.1990676941825	6348.94270833333	497.33070934323	41.3178783020096	41.117542050798
244	38.4217810119924	40.5813845052559	39.8135525391754	40.9036597590084	6051.253125	497.330709343237	41.3178783020096	41.117542050798
245	38.6834663529227	40.4844569488577	40.0613142769607	41.2788339521774	16645.6770833333	489.111920495509	41.3665822845972	41.1411101382575
245	38.3450218292609	40.5345167712743	39.7943531398846	41.0376384422833	9054.73125	489.111920495377	41.3665822845972	41.1411101382575
246	38.422887522287	40.4595718271345	39.7377390145777	41.2296450189557	23712.3322916667	480.888084411893	41.4106611486377	41.0953501076172
246	38.2379255316712	40.5433634512051	39.7237338748829	40.8733569210149	32059.4427083333	480.888084411976	41.4106611486377	41.0953501076172
247	38.6732134657867	40.6125838130488	39.6191247028613	40.9376988997937	2325.24375	472.662373777081	41.4353895129669	41.0918288413809
247	38.2625962303424	40.4139055629043	39.6723210001085	41.1730104997706	27098.828125	472.662373777213	41.4353895129669	41.0918288413809
248	38.9992743484495	40.7272509229659	39.5682294262306	40.8620019314362	35616.5958333333	464.438432737948	41.4355235932756	41.0571350521273
248	38.1309011285572	40.3705102463438	39.2408309034603	41.1598672784019	18349.0729166667	464.438432737941	41.4355235932756	41.0571350521273
249	38.2279284197944	40.3902653669054	39.1374703788102	41.2428603317223	16123.965625	456.219073064441	41.4592262834616	41.1063543528705
249	38.8325305886865	40.7122362243511	39.5369815381933	40.8982448139891	3945.103125	456.219073064378	41.4592262834616	41.1063543528705
250	38.7354939377987	40.4684960745447	39.312094774721	41.4363034339294	17485.2685166092	448.007538754471	41.5625099969772	41.2461066903124
250	38.9726658999028	40.718442882142	39.5344167203374	40.6624907031526	26324.6114583333	448.007538754464	41.5625099969772	41.2461066903124
251	39.0737052477175	40.6555147238474	39.4509642877513	41.7936112955955	33598.5781248969	439.806686102323	41.6628160183222	41.4515439573522
251	38.8000873704287	40.7285507925711	39.561439780364	40.8775262983548	33656.5427083333	439.806686102385	41.6628160183222	41.4515439573522
252	38.7692930094488	40.7463239966902	39.5366840696103	40.6849351297279	29473.5166666667	431.619622658827	41.6221314074278	41.5230269206345
252	38.6208829812861	40.7092057535245	39.4074406817129	41.953917083728	32768.181249999	431.619622658834	41.6221314074278	41.5230269206345
253	38.6202014967462	40.6737617955177	39.4003660865551	41.902728821881	32941.1916666668	423.449496976394	41.5873471350578	41.5377861417232
253	38.5876067125336	40.707185690269	39.6529244449643	40.8821556034791	17551.415625	423.449496976249	41.5873471350578	41.5377861417232
254	38.6159417592876	40.6365547135965	39.5473002941525	41.776183400423	36279.0322916572	415.299771643223	41.534094191443	41.4673930333084
254	39.0763381049567	40.8309256920237	39.77866037412	40.6749409297984	9725.80104166667	415.299771643354	41.534094191443	41.4673930333084
255	38.6804308782236	40.5989377396253	39.6928679089433	41.6492508371982	40071.3052082302	407.173051338246	41.5234355106048	41.4178186332179
255	39.0656704429006	40.9073456247953	39.8046360257561	41.0670318519763	28347.3333333333	407.173051338315	41.5234355106048	41.4178186332179
256	38.6268620642858	40.8446083871347	39.7121620075835	40.9405814337356	11261.90625	399.072366925043	41.5806182555229	41.4817960780965
256	38.5388935592337	40.6168008539249	39.7965252980746	41.7331196166162	44892.3312501043	399.072366924974	41.5806182555229	41.4817960780965
257	38.3037765400544	40.5974937462418	39.6822412452895	41.7122761714838	24812.1614586448	391.000726157583	41.5232714546739	41.4300223898251
257	39.1636339121561	40.8263588509813	39.5417697144241	41.0497719262578	7106.23333333333	391.000726157583	41.5232714546739	41.4300223898251
258	38.3654003394021	40.5559681917492	40.0837949206602	41.5255250168847	2461.13437499061	382.961112077476	41.4491657902287	41.2897805994825
258	39.0637649909484	40.8272176742781	39.5505856855049	40.8780542801855	4639.375	382.961112077483	41.4491657902287	41.2897805994825
259	38.570206855072	40.5756629098195	40.0208217349571	41.3785575978686	1006.31770833323	374.956711974145	41.3666944154179	41.2159181869155
259	38.7822402348732	40.7905015892751	39.5049199987269	40.9056002379861	12033.2125	374.956711974083	41.3666944154179	41.2159181869155
260	38.7613896413529	40.7932767928042	39.5166573350166	40.8173927394086	27943.6875	366.99078166278	41.3950122915405	41.1703461895707
260	38.202728578567	40.539906634923	39.9661654592057	41.3557637565926	13333.9729167602	366.990781662766	41.3950122915405	41.1703461895707
261	38.8331031732671	40.8393438056782	39.5935762776135	40.9008965463512	11931.4	359.065666146136	41.5036745418921	41.2709553478278
261	38.5601620596316	40.5701098791116	39.9343949412552	41.4684380291206	1273.84791666667	359.065666146136	41.5036745418921	41.2709553478278
262	38.5281548444497	40.6102209946063	39.5115949637163	41.5095232145278	9000.91249998854	351.184234075885	41.4692453515464	41.2726510124141
262	38.6664738282293	40.8259788257232	39.601322934882	40.833407058222	27904.6697916667	351.184234075885	41.4692453515464	41.2726510124141
263	38.4322006356497	40.6113668383864	39.6175861337216	41.5779040367876	8533.69270832396	343.349320588765	41.4988354008745	41.3242050961041
263	38.4692259563791	40.7729838073405	39.557141250931	40.9917552209855	27545.5364583333	343.349320588765	41.4988354008745	41.3242050961041
264	38.3847146621006	40.606214010689	39.6605983323898	41.6372646349517	31720.6062503021	335.563725388102	41.5186025919876	41.3573927002868
264	38.3934522145201	40.7642857477599	39.638753350097	40.9305875774324	26200.1510416667	335.563725388173	41.5186025919876	41.3573927002868
265	38.5463943494718	40.7645915342436	39.5480752603553	41.0509880895861	2637.28125	327.830367287974	41.5474233031001	41.4173782434158
265	38.3588798184757	40.6243709211275	40.1341058176882	41.7054443550147	22003.3239582281	327.830367288745	41.5474233031001	41.4173782434158
266	38.3209908346286	40.6087821195821	40.0923348323248	41.6809416294039	20882.423958448	320.152208398126	41.5125100445224	41.3653918927544
266	38.6030732091549	40.7701904752476	39.500902656357	41.07081081519	5103.91041666667	320.152208398117	41.5125100445224	41.3653918927544
267	38.8345719366904	40.6129302644283	40.1471922979065	41.6272591070337	8999.9072916875	312.531543458508	41.4967964968261	41.3378108920699
267	38.5393455241946	40.7662831384544	39.4438461270297	41.355295516599	6947.80208333333	312.531543458578	41.4967964968261	41.3378108920699
268	38.6231284354853	40.5979656958941	40.0991867023288	41.5331310473405	3355.9989583427	304.971011604231	41.471852769859	41.2892878372959
268	38.4292879800246	40.7470468127653	39.4342457087858	41.3685147054388	8662.071875	304.971011604231	41.471852769859	41.2892878372959
269	38.3131584878507	40.7284063585175	39.4341061211246	41.4671692226774	24013.7208333333	297.473206808071	41.4791426216352	41.2911426429226
269	38.6238930474575	40.5932245060187	40.1637100999252	41.5095123878575	5641.99999998844	297.473206808071	41.4791426216352	41.2911426429226
270	38.68472500582	40.6127999743272	40.2156213690948	41.6054009098373	2703.09583333124	290.040986444542	41.5072605631547	41.3680262068205
270	38.3014192610686	40.7362072636127	39.4415894130895	41.2739767551416	9132.43333333333	290.040986444611	41.5072605631547	41.3680262068205
271	38.5990927479476	40.6044971853409	40.1241318071664	41.565245468394	5396.66770832281	282.677105317612	41.4736329186029	41.2981899749197
271	38.5064304939933	40.7766013830376	39.4691568765626	41.5272555967958	5173.31666666667	282.677105317681	41.4736329186029	41.2981899749197
272	38.8793948385584	40.6184935432204	40.1950693272742	41.5307512508566	1999.51666667697	275.383543133984	41.4756571937303	41.3136354696492
272	38.7616499330974	40.8488393031144	39.4668804872295	41.3891773887001	16051.4197916667	275.38354313413	41.4756571937303	41.3136354696492
273	38.5739649853797	40.8723896870375	39.4740964817037	41.6369627340196	8238.24166666667	268.162620633333	41.459834203413	41.3095267747007
273	39.4120985344908	40.6776291363162	40.2574402933752	41.4770377052456	875.471875000927	268.162620633333	41.459834203413	41.3095267747007
274	39.4244141750055	40.7571689311767	40.0918962076884	41.6567340362054	8102.34687508426	261.016677633048	41.5295808069054	41.392010048613
274	38.6180541074823	40.8218349150165	39.493436044553	41.5075745048689	10370.5177083333	261.016677633048	41.5295808069054	41.392010048613
275	39.5260539098044	40.8301879253802	39.4994180713365	41.6305647088935	2215.80625001042	253.947996864413	41.5220998846242	41.381316559087
275	38.4779355802185	40.7900729451103	39.5212162608917	41.8172640618955	10955.2447916667	253.947996864476	41.5220998846242	41.381316559087
276	38.5355394838934	40.8136602646644	39.5804431634938	41.4652646152156	24394.2708333333	246.959459217444	41.5593888358755	41.3855025826159
276	39.4526911361721	40.8515849999845	39.5732838294091	41.5902737516815	4780.31979164479	246.959459217438	41.5593888358755	41.3855025826159
277	39.3200244917903	40.8872091332536	39.4603044837071	41.8560461193413	11424.599999978	240.05270850291	41.6079213597069	41.4703135969126
277	38.7233154968243	40.9029358813409	39.6378168684188	41.6454394107111	11538.1791666667	240.052708502917	41.6079213597069	41.4703135969126
278	39.0597889347144	40.8804768716759	39.5464186666357	41.9635349341885	7171.82395834375	233.230096078435	41.6275126475519	41.5087019503427
278	38.6947366974554	40.8955859191703	39.6402315015807	41.466496261965	21501.8	233.230096078434	41.6275126475519	41.5087019503427
279	39.1256988462058	40.908632980556	39.5580008820872	42.0464298898745	29309.2499999062	226.493303616524	41.6576265929364	41.5680650556355
279	38.3251804709187	40.8412302743962	39.5749595450233	41.4741563392748	20829.3854166667	226.493303616454	41.6576265929364	41.5680650556355
280	38.1870706449214	40.794872182979	39.5437796345052	41.2726219601322	6216.971875	219.844747447319	41.6651564342902	41.6522546954047
280	38.918264766509	40.9417790985094	39.5165900524745	42.1942408518619	21717.2979167822	219.844747447458	41.6651564342902	41.6522546954047
281	39.1831830581255	40.9777778290307	39.3901349970044	42.0446383141032	4819.11354179071	213.286174882994	41.6094054912937	41.6039869809673
281	38.2847369686696	40.8346718029798	39.6315277917128	41.2922246898796	10010.2614583333	213.286174883063	41.6094054912937	41.6039869809673
282	38.9993644556471	40.9389776356333	39.0868717116065	41.974828813449	14762.8770835521	206.819137265612	41.627629308337	41.5642545162695
282	38.2535884265833	40.8892651129973	39.6518969680747	41.2997255837273	6782.63958333333	206.819137265681	41.627629308337	41.5642545162695
283	38.8458993602436	40.9574153513898	39.1729266902697	42.2067562000876	21701.4864583324	200.445896556756	41.6584989367952	41.657880503561
283	38.2916666343584	40.8274914879078	39.611804887242	41.3805311014698	10409.1989583333	200.445896556687	41.6584989367952	41.657880503561
284	38.8438297333069	40.9475005696592	39.5531806880657	41.162022252282	806.957291666667	194.168340364488	41.6672399686657	41.7417778204275
284	38.9017636063783	40.9966457894416	39.3994519822189	42.3247184046311	20545.0364583334	194.168340364356	41.6672399686657	41.7417778204275
285	38.9129481307138	40.9642046118168	39.3884748964998	42.1186769391768	1225.96979166666	187.987662466532	41.6121455850044	41.6698910490961
285	39.3705750374452	41.0153982470607	39.1278206076532	41.2778244909377	6560.96875	187.987662466456	41.6121455850044	41.6698910490961
286	39.4316160433115	40.9516625072367	38.8396572883059	41.7247337945627	1873.040625	181.905150884008	41.5497275272583	41.5137429525521
286	39.0272152316581	40.9360291414941	39.1112593928524	41.2797027401686	7751.0625	181.905150884078	41.5497275272583	41.5137429525521
287	39.3146058525788	40.9721774857866	38.9030949219461	41.9546675788971	5995.52812520843	175.922793216924	41.6164188620664	41.570425862223
287	38.9102951141302	40.8928868414865	39.1276227134356	41.5419636065291	2518.43229166667	175.922793216924	41.6164188620664	41.570425862223
288	38.80595715854	40.8802923546061	39.1485060907929	41.4288237220187	12071.1114583333	170.042552488817	41.6259494561153	41.6137730264674
288	39.2686692437043	40.9874433774685	38.9860222036218	42.1248881973342	9119.98958325208	170.042552488817	41.6259494561153	41.6137730264674
289	38.8544077349771	40.9007058383812	39.2160550179937	41.4514992292035	12690.9302083333	164.264649469012	41.6350876226671	41.6158669707812
289	39.0631650380869	40.9611048876343	39.1599114279663	42.1401725036157	10790.0822916656	164.264649468942	41.6350876226671	41.6158669707812
290	39.2583611628653	40.995017984573	39.1001678164727	42.187309370744	6484.72291675938	158.590299307674	41.6689512095	41.6324285220295
290	38.7460925170366	40.9167270014416	39.2763031186324	41.5143215319529	9801.03229166667	158.590299307673	41.6689512095	41.6324285220295
291	39.303217010552	41.1100586362528	39.7357433449799	42.4222257236215	12674.3395834479	153.022359299742	41.7152125882733	41.7651715165782
291	38.7665381329723	40.9748659417566	39.4061805599984	41.5949230283558	12133.225	153.022359299749	41.7152125882733	41.7651715165782
292	38.6839149988836	41.0067941975685	39.4211622655991	42.2812021108292	3906.86770834249	147.560266296774	41.6267115945374	41.6505510544654
292	38.7711334095152	41.0272602093106	39.4799663173699	41.5011512451297	11276.2541666667	147.560266296712	41.6267115945374	41.6505510544654
293	38.7723168088876	41.0502302480061	39.5274872030448	41.6298335423248	8734.50520833333	142.204907133128	41.6060255551528	41.6279715171286
293	38.7526873901397	41.0209001481891	39.3177500078131	42.2101081012952	4796.4625	142.204907133128	41.6060255551528	41.6279715171286
294	38.5910888354304	40.9622856796261	38.8445001707633	42.1244135288645	7651.83020834375	136.959011368939	41.6024271095127	41.6129896003605
294	38.6156218483739	41.0097151536845	39.5479460972123	41.5799260882887	11396.7885416667	136.959011368939	41.6024271095127	41.6129896003605
295	38.8027145669763	40.9469406918063	38.9033938012304	42.1177549623847	4493.7302083449	131.821650231047	41.4292674367875	41.6185861483563
295	38.5057410642764	41.0095838149405	39.5718893823202	41.8601698791938	7503.48541666667	131.821650231047	41.4292674367875	41.6185861483563
296	38.7338508487678	40.9445809448212	39.4668189668378	42.1723851800554	8213.35312520833	126.793883709882	41.2071688433073	41.65929030871
296	38.4624018554667	40.9448758983202	39.6107119367443	41.5548777027235	4896.25729166667	126.793883709875	41.2071688433073	41.65929030871
297	38.3834066865764	40.8995030676763	39.4675516312345	41.6783951733476	5705.234375	121.877506449512	41.2405320025925	41.7391895214834
297	38.7904803208723	41.0134579066047	39.8812249458856	42.3632138483981	3581.59583332405	121.877506449589	41.2405320025925	41.7391895214834
298	38.9171417763677	41.0254668048003	39.8279001756585	42.3396267216337	1340.5625	117.071437429803	41.1401818456491	41.7606422138008
298	38.3257118212748	40.9059787429596	39.4863585334131	41.6782610758969	5525.27604166667	0	41.1401818456491	41.7606422138008
299	38.7568897093238	40.9417790985094	39.8763199549654	42.0550709515385	743.498958334375	112.377683670883	NA	41.7141769856056
299	38.7568897093238	40.9417790985094	39.8763199549654	42.0550709515385	743.498958334375	112.377683670883	41.0628872985866	41.625926125789
299	38.3666397004084	40.9174633902178	39.5850280722931	42.0353512271674	3528.559375	NA	NA	41.7141769856056
299	38.3666397004084	40.9174633902178	39.5850280722931	42.0353512271674	3528.559375	NA	41.0628872985866	41.625926125789
300	38.5571525769934	40.9046540061971	39.7221531782374	42.0181015292678	3647.52395833438	107.795673089325	41.1025931100907	41.5914771220618
300	38.5571525769934	40.9046540061971	39.7221531782374	42.0181015292678	3647.52395833438	107.795673089325	41.6064081686587	41.8580528513995
300	38.4882620236935	40.9695360898873	39.6856621949366	42.1571859826197	2720.25104166667	NA	41.1025931100907	41.5914771220618
300	38.4882620236935	40.9695360898873	39.6856621949366	42.1571859826197	2720.25104166667	NA	41.6064081686587	41.8580528513995
301	38.4946616691961	40.9839948572689	39.6006753874128	42.1825538834695	1439.90416666667	NA	41.200634033709	41.5961204552376
301	38.4946616691961	40.9839948572689	39.6006753874128	42.1825538834695	1439.90416666667	NA	41.6231826617851	41.8652210978978
301	38.4757508280884	40.8980316092213	39.6824278273354	42.0298783051016	2313.80416667811	103.325929548252	41.200634033709	41.5961204552376
301	38.4757508280884	40.8980316092213	39.6824278273354	42.0298783051016	2313.80416667811	103.325929548252	41.6231826617851	41.8652210978978
302	38.6423707745743	41.0210209860782	39.2201803183461	41.9599281186468	7418.271875	NA	41.6339595250612	41.9016082386732
302	38.6423707745743	41.0210209860782	39.2201803183461	41.9599281186468	7418.271875	NA	41.1884492862944	41.6356602528181
302	38.9041478125584	40.9277756169114	39.8481182747946	42.0644779357388	1003.96354166667	98.9691484774778	41.6339595250612	41.9016082386732
302	38.9041478125584	40.9277756169114	39.8481182747946	42.0644779357388	1003.96354166667	98.9691484774778	41.1884492862944	41.6356602528181
303	39.376963888592	40.9441385225403	39.9702378462407	42.0394897722219	1249.51458333332	94.7245130113014	41.7307684328795	42.0363108402595
303	39.376963888592	40.9441385225403	39.9702378462407	42.0394897722219	1249.51458333332	94.7245130113014	41.1716334145848	41.6563929119912
303	38.4100916764015	41.037831941063	38.3937353751021	42.1405630424439	2089.778125	NA	41.7307684328795	42.0363108402595
303	38.4100916764015	41.037831941063	38.3937353751021	42.1405630424439	2089.778125	NA	41.1716334145848	41.6563929119912
304	39.3353601860392	40.9416316435363	39.8911299669515	42.0795578938935	2926.11354165625	90.5933941740799	41.7571703612712	42.173537855042
304	39.3353601860392	40.9416316435363	39.8911299669515	42.0795578938935	2926.11354165625	90.5933941740799	41.1762245640544	41.6579879881109
304	38.464380568908	41.0772984456435	38.4008369262079	42.0834650973835	6738.4625	NA	41.7571703612712	42.173537855042
304	38.464380568908	41.0772984456435	38.4008369262079	42.0834650973835	6738.4625	NA	41.1762245640544	41.6579879881109
305	39.1383214915451	40.9974016538146	39.9926393325016	42.2514589160921	2226.45729166676	86.5742128464368	41.2644446182898	41.7222022981653
305	39.1383214915451	40.9974016538146	39.9926393325016	42.2514589160921	2226.45729166676	86.5742128464368	41.6921790675344	42.2406451364813
305	38.4679773022889	41.208001083115	38.4058437351157	41.9135689473387	6042.953125	NA	41.2644446182898	41.7222022981653
305	38.4679773022889	41.208001083115	38.4058437351157	41.9135689473387	6042.953125	NA	41.6921790675344	42.2406451364813
306	38.6604516191215	41.2564202462443	38.3961013847049	41.8522533551546	5347.66770833333	NA	41.85089492021	42.1633415821096
306	39.1858803108343	41.0854638994271	39.991823875427	42.4276720403961	2294.18124999999	82.6684490614118	41.85089492021	42.1633415821096
307	39.3164387257226	41.1194391315641	39.8898501488619	42.4811268468667	948.461458332292	78.8743134073542	41.8503446534435	42.0071074824234
308	38.9119790309768	40.9631999365119	39.687788569946	42.1993682256372	647.072916667708	75.1928594542833	41.722550751394	41.851817828858
309	38.9254773760595	40.9644998481116	39.6003600676164	42.1383681488104	2283.41666666667	71.6226073181549	41.8135944586569	41.9098272405763
310	38.8518046979451	40.9970863297596	39.5261464676764	42.2509685716052	2864.55937499989	68.1636851551222	41.7210554127151	41.830494418831
311	38.9927604282442	41.0439280868095	39.3985323468787	42.2722673778326	354.763541666667	64.8154050593285	41.9318934080092	41.9492014286059
311	38.9927604282442	41.0439280868095	39.3985323468787	42.2722673778326	354.763541666667	64.8154050593285	41.9318934080092	42.1629884331616
311	38.9927604282442	41.0439280868095	39.3985323468787	42.2722673778326	354.763541666667	64.8154050593285	41.9318934080092	42.1629884331616
311	38.9927604282442	41.0439280868095	39.3985323468787	42.2722673778326	354.763541666667	64.8154050593285	41.9318934080092	41.9492014286059
312	39.3387257536941	41.0801249311313	39.2559859100484	42.0100459529569	622.514583333333	61.5765122355563	41.8185261272953	41.9125692013884
313	38.9967146588103	41.0079353588023	39.1342037696035	41.8873295989347	187.361458332177	58.4475511259431	41.8154684185303	42.0844523453347
314	39.1068398536388	40.9900674763899	39.2887972873567	41.8091519301135	515.328125001042	55.4261893259229	41.8784361685586	42.1512825720586
315	39.1594489201877	41.0370927250862	39.2401508618965	42.1172756777877	1966.55416667719	52.5124464859347	41.9514983020286	42.1362197017523
316	38.9596007761248	40.9657064447552	39.1368159134189	41.891478428783	1224.0593750126	49.7051316889972	42.0735665624968	42.0680916283431
317	38.7220529856248	40.9115730220679	39.1619432879816	41.8510301308927	1480.48958336468	47.002643251916	42.0095897106783	41.9705069178528
318	38.8178237964353	40.90584956984	39.0627061824682	41.7914759104993	296.120833334375	44.4043635891396	41.8793854818464	41.9705654228046
319	38.7615191124573	40.8558428332496	39.1644544957228	41.6082119614704	320.003124998937	41.9088824270451	41.8482962158482	41.9313294810408
320	38.8395408356443	40.9061424635508	39.1926174839512	41.6923054529161	1013.60833333333	39.5148313291896	41.7871932554806	41.7982308707155
321	38.8069426136552	40.9179052362065	39.0769672472579	41.8265900747936	395.014583333333	37.2206469774486	41.7287629450575	41.8938855678177
322	38.6996429874047	40.91775795315	39.0465175357432	41.897523582275	791.489583333333	35.0245733498785	41.7082127277773	41.8918927269037
323	38.6085905012326	40.9006803106777	39.001084763821	41.9408169742826	766.036458333333	32.9257532707306	41.6737100705763	41.8533146937274
324	38.9742515928882	40.9962399575955	39.0581647780968	41.9922645908516	938.258333334375	30.9218910821201	41.6593245814555	41.8393030715272
325	39.0282133236825	41.0363520241325	39.3014935165594	42.2668063601238	998.807291676042	29.0116563000222	41.6848188280304	41.977859257077
326	38.9697334577637	41.0620578829501	39.5964584006599	42.0941921768936	757.741666666771	27.1930655571903	41.824096450569	41.9767441421078
327	39.009342990174	41.2573705992763	39.5392323417801	42.3345681699935	1041.18958334364	25.4640690604514	41.8017691584739	41.9644232986084
328	38.9147777268765	41.0861306104038	39.5607766782871	42.3523878788513	252.615625001042	23.8231651734382	41.7621497848683	42.040841439931
329	38.8663514865044	41.1732615804703	39.6114105167053	42.4284961377305	159.666666666667	22.2677778001361	41.8766305454353	42.2411977065451
330	38.8228141158413	41.0359514521043	39.4258108052775	42.3357200748224	264.611458332292	20.7967346336194	42.0462711967522	42.2323759309746
331	38.6900452973389	41.0122515151014	39.4652418731861	42.2969051989647	144.307291666552	19.4070691534806	42.023194107419	42.2301458495816
332	39.0283637255368	41.1661290374966	39.5151547461558	42.2225480516286	67.6145833334375	18.0972229972486	42.032299790325	42.0011256783456
333	39.2497565600883	41.3411673331289	39.4927360194109	42.2101336903748	71.4250000000937	16.8644695095	41.7960761963892	41.8607581552972
334	39.2602745778479	41.3102681789783	39.5206722747422	42.3547323382144	102.25729166675	15.7069920724993	41.7549604475603	41.8137121647604
335	38.9039671188926	41.0530817534663	39.5677122520107	42.276905138292	83.0833333333125	14.6225958969528	41.7277391732214	42.0139497646248
336	39.02661229943	41.0887552374893	39.6523034360827	42.2418367838134	52.4749999999792	13.6084802037847	41.9129949548956	42.2106006965285
337	38.828788223561	40.985991218869	39.695611745257	42.1733239189529	84.4312500001042	12.662856960909	42.0069760133466	42.1631644518776
338	38.9634188223069	41.0285097927475	39.5936156788106	42.1964735357204	36.778125	11.783194073641	41.9117870989159	42.0889297228508
339	39.2334733319657	41.202938049006	39.5752069781447	42.1697032991814	46.0833333334375	10.967126532184	41.8881485890774	42.234623860776
340	39.2838263711426	41.1000213017526	39.5711809508819	42.1966141851341	22.5375	10.2125077821938	42.0166895203059	42.0931201770861
341	38.8452722183219	40.9884944848021	39.425180146788	42.2435346771388	27.1343749997813	9.51678442789653	41.8593661384238	42.0539517306927
342	39.0665389851897	41.0080787631849	39.4385063995822	42.2339513780576	13.00625	8.87767881376944	41.8356500232499	41.8490618018578
343	38.9746538313159	41.1494028198141	39.5574165535744	42.1913108400675	42.2718749999896	8.29317592271736	41.6128434885371	41.9226050929556
344	38.9692358998002	41.1074949946842	39.580628789476	42.201447980218	47.7677083333333	7.76073693886944	41.6645331288036	41.9227944062979
345	38.7899522129887	40.9120507999485	39.6872456440265	42.203865293082	2.01875	7.27839111035417	41.7526553122933	41.7467629598319
346	38.8102508104659	40.9329396957012	39.9157481570303	42.218029402909	0	6.84409240677778	41.5745369738143	41.7868123736903
347	39.0121324849696	40.9420800303219	39.7829730880146	42.203865293082	0.7875	6.45571301185972	41.6005954973769	41.7425723597247
348	39.0045627074309	40.9990810804655	39.8670842607351	42.1950607004445	0.45	6.11126382913264	41.5635908062384	41.8678392130365
349	39.5161877637222	41.0122756724326	40.0202869112736	42.1952333042058	0.5625	5.80914862472153	41.731259283224	42.2119841829925
350	39.1943217892137	41.0148183906786	39.9296142556745	42.1950607004445	3.58854166666667	5.54775156351389	41.942534969541	42.2450837234107
351	38.5524090915482	40.9139439918275	39.9205083564384	42.2099097869798	1.34791666666667	5.32543821914444	41.9987980340256	42.1781811233582
352	38.5752806375855	41.0472006738822	40.2860264063326	42.2085280357336	0	5.14087119992014	41.8387043992656	42.1685508337923
353	38.6402276204981	40.9385473697157	40.1703720135967	42.1928169800421	0	4.99297326330417	41.9204770130069	42.2002522161282
354	38.7212817906097	40.9500623566288	40.3305556566822	42.193507330135	0	4.88085684614167	41.9313626245428	42.2797819915352
355	38.9948691604175	41.0315078945802	40.1674694647672	42.1955785159648	0	4.80365871963958	42.2228745071078	42.2673676332013
356	39.1393321500564	41.0562650157903	40.2829265000655	42.194197702819	15.4729166666562	4.76105380055139	42.0848482114084	42.2450564900232
357	38.9316667943397	40.9426758883619	40.4283297875574	42.2171078709291	22.0906249999896	4.75241462745764	42.0225838204899	42.2012753256095
358	39.3791798053844	41.0424885557369	40.6937896238467	42.2459504058892	3.14166666665625	4.77814261230139	41.9710761616563	42.2004408482505
359	39.0634526844195	40.8977703613394	40.1923256151538	42.2130190580775	0	4.83801055648333	42.106239227416	42.3278253144465
360	39.2007597744617	40.8949418910746	39.8838121151054	42.2114643652719	0.1125	4.93260173757778	42.0854968755322	42.1140212895114
361	38.9864205919741	40.893110500125	39.6246487561649	42.1973046594918	6.16770833333333	5.06248818021944	41.6336887907201	41.9153951048999
362	38.8006441334033	40.8711226048157	39.4892530632433	42.193679921188	44.8499999999896	5.22838260045278	41.5398956796928	41.9566411143259
363	39.2606841254601	40.8722862182062	39.8459689846692	42.1834994643306	0	5.43180353714514	41.5701435440721	41.8772287294811
364	39.2069763399621	40.865839194016	39.8107127054523	42.1783248446711	0	5.67354779408958	41.524272835679	41.9633088973507
365	38.8294121265547	40.8430001201561	39.5660989801699	42.1745309303741	0	5.95510647458611	41.6431619182163	42.0586703250308
