site_id	date_id	julian	int_days	tempC	tempkt	tempkt_stand
hver	2011-08-02	578	45	30.2416677439498	38.2493118575297	2.02319383226509
hver	2011-09-16	623	37	25.2295649245074	38.8918139130956	1.38069177669919
hver	2011-10-23	660	21	24.5914064684526	38.9751719525914	1.29733373720332
hver	2011-11-13	681	29	24.9710851694385	38.9255342604126	1.34697142938216
hver	2011-12-12	710	60	21.9132449579193	39.3289327383671	0.943572951427605
hver	2012-02-10	770	46	22.5046413500651	39.2502632853114	1.02224240448339
hver	2012-03-27	816	55	28.3308638642105	38.4917383006476	1.78076738914715
hver	2012-05-21	871	29	31.5490287234259	38.085196933948	2.18730875584674
hver	2012-06-19	900	37	32.6063758765857	37.9534931405596	2.31901254923516
hver	2012-07-26	937	6	31.7735743703142	38.0571510040783	2.21535468571643
hver	2012-08-01	943	NA	33.3538020833333	37.8609414814348	2.41156420835994
st6	2011-08-02	578	45	18.4793387045769	39.7920269821338	0.480478707660971
st6	2011-09-16	623	37	19.9515515823146	39.592156547337	0.680349142457793
st6	2011-10-23	660	21	19.8022465198871	39.61233495346	0.660170736334742
st6	2011-11-13	681	49	19.4321292128765	39.6624446808614	0.61006100893335
st6	2012-01-01	730	40	18.1704763489117	39.8342150883199	0.438290601474861
st6	2012-02-10	770	46	14.1484941461355	40.3918668247933	-0.119361134998535
st6	2012-03-27	816	27	14.0033884820046	40.4122778277492	-0.139772137954409
st6	2012-04-23	843	57	15.8305299016063	40.1567625281382	0.115743161656511
st6	2012-06-19	900	43	18.2489790978508	39.8234837693704	0.449021920424386
st6	2012-08-01	943	NA	18.8412916666667	39.742700709588	0.529804980206734
st9	2011-07-01	546	32	13.9185219869871	40.424224969676	-0.151719279881284
st9	2011-08-02	578	45	13.7696537164238	40.4451990799614	-0.172693390166678
st9	2011-09-16	623	37	11.1984219744303	40.8109263766474	-0.538420686852703
st9	2011-10-23	660	21	9.97972137286501	40.9865924998806	-0.71408681008586
st9	2011-11-13	681	89	9.62799640104362	41.0375724497903	-0.765066759995506
st9	2012-02-10	770	46	8.38346550574158	41.2189808187393	-0.94647512894452
st9	2012-03-27	816	27	8.34169222281946	41.2250977031628	-0.952592013368019
st9	2012-04-23	843	57	10.6510249947474	40.889642716157	-0.617137026362222
st9	2012-06-19	900	11	13.680446512148	40.4577779507897	-0.185272260994985
st9	2012-06-30	911	NA	14.2175624999999	40.382158701417	-0.109653011622214
st7	2010-10-26	298	35	4.33670243909381	41.8201031347131	-1.54759744491838
st7	2010-11-30	333	51	4.37245163046413	41.8147160575188	-1.54221036772406
st7	2011-01-20	384	34	5.29111117553458	41.6767569469964	-1.40425125720165
st7	2011-02-23	418	24	5.412956090911	41.658527312322	-1.3860216225272
st7	2011-03-19	442	30	5.50476749169724	41.6448016266584	-1.37229593686367
st7	2011-04-18	472	22	5.52289970446765	41.6420919537599	-1.36958626396517
st7	2011-05-10	494	43	5.96959210811383	41.5754495299616	-1.30294384016686
st7	2011-06-22	537	27	7.75619073495028	41.3110244532269	-1.03851876343217
st7	2011-07-19	564	28	7.49531690471196	41.3494251124613	-1.07691942266655
st7	2011-08-16	592	29	6.82417726685065	41.4485458187588	-1.17604012896405
st7	2011-09-14	621	33	6.16250970076413	41.546733896547	-1.27422820675228
st7	2011-10-17	654	9	6.94993452344158	41.4299365483899	-1.15743085859518
st7	2011-10-26	663	NA	9.45366666699999	41.0628872985866	-0.790381608791854
oh2	2010-10-26	298	35	3.21271581580174	41.9901884386202	-1.71768274882544
oh2	2010-11-30	333	49	2.46389790331722	42.1042719644897	-1.83176627469492
oh2	2011-01-18	382	36	2.83930518269631	42.0470007228451	-1.77449503305038
oh2	2011-02-23	418	22	2.78351317712321	42.0555023596041	-1.78299666980936
oh2	2011-03-17	440	32	3.66516045296441	41.9215569534753	-1.64905126368057
oh2	2011-04-18	472	21	4.80412947984678	41.7497755339366	-1.47726984414186
oh2	2011-05-09	493	44	7.14389640724323	41.401267252905	-1.12876156311029
oh2	2011-06-22	537	27	10.0868863985604	40.9710848825845	-0.69857919278973
oh2	2011-07-19	564	28	10.4041386279885	40.9252447192775	-0.65273902948271
oh2	2011-08-16	592	35	8.61721734558211	41.1847858804725	-0.912280190677755
oh2	2011-09-20	627	35	6.3557100802696	41.5180158973558	-1.24551020756105
oh2	2011-10-25	662	1	5.18073708598291	41.6932841697949	-1.42077848000014
oh2	2011-10-26	663	NA	5.631125	41.625926125789	-1.35342043599428
st14	2011-07-01	546	32	9.58242628409505	41.0441867847656	-0.771681094970809
st14	2011-08-02	578	45	7.84234999012745	41.2983574639028	-1.02585177410801
st14	2011-09-16	623	56	3.48743122739984	41.9484899893221	-1.67598429952733
st14	2011-11-11	679	137	1.82785326709359	42.2016623398487	-1.92915665005399
st14	2012-03-27	816	27	1.57905099111696	42.2398813399955	-1.96737565020076
st14	2012-04-23	843	28	1.87393138577664	42.1945917798574	-1.92208609006265
st14	2012-05-21	871	29	5.90910214371064	41.5844615902843	-1.31195590048954
st14	2012-06-19	900	10	9.6975381100944	41.0274828342238	-0.754977144429041
st14	2012-06-29	910	1	10.6695008892519	40.8869809091889	-0.614475219394116
st14	2012-06-30	911	NA	10.4859166666666	40.9134451337916	-0.640939443996864
